0,523
0,522
175,3
175,2
175,1
175,0
14,16
174,3
174,2
174,1
174,0
173,3
173,2
173,1
173,0
172,8
172,7
172,6
172,5
172,4
172,3
172,2
172,1
172,0
171,7
171,6
171,5
171,4
171,3
171,2
171,1
171,0
170,6
170,5
170,4
170,3
170,2
170,1
170,0
169,15
169,14
169,13
169,12
169,11
169,10
169,9
169,8
169,7
169,6
169,5
169,4
169,3
169,2
169,1
169,0
168,3
168,2
168,1
168,0
167,4
167,3
167,2
167,1
167,0
0,521
166,3
166,2
166,1
166,0
165,3
165,2
165,1
165,0
14,15
164,5
164,4
164,3
164,2
164,1
164,0
163,6
163,5
163,4
163,3
163,2
0,520
163,1
163,0
162,16
162,15
162,14
162,13
162,12
162,11
162,10
162,9
162,8
162,7
162,6
162,5
162,4
162,3
162,2
162,1
162,0
161,3
161,2
161,1
161,0
0,519
0,518
160,15
160,14
160,13
160,12
160,11
160,10
160,9
160,8
160,7
160,6
160,5
160,4
160,3
160,2
160,1
160,0
0,517
159,3
159,2
159,1
159,0
158,8
158,7
158,6
158,5
158,4
158,3
158,2
158,1
158,0
14,14
157,6
157,5
157,4
157,3
157,2
157,1
157,0
156,6
156,5
156,4
156,3
156,2
156,1
156,0
0,516
155,3
155,2
155,1
155,0
154,8
154,7
154,6
154,5
154,4
154,3
154,2
154,1
154,0
0,515
153,3
153,2
153,1
153,0
152,4
152,3
152,2
152,1
152,0
151,3
151,2
151,1
151,0
150,3
150,2
150,1
150,0
149,5
149,4
149,3
149,2
149,1
149,0
148,3
148,2
148,1
148,0
147,4
147,3
147,2
0,514
147,1
147,0
146,6
146,5
146,4
146,3
146,2
146,1
146,0
145,3
145,2
145,1
145,0
14,13
144,14
144,13
144,12
144,11
144,10
144,9
144,8
144,7
144,6
0,513
0,512
144,5
144,4
144,3
144,2
144,1
144,0
143,15
143,14
143,13
143,12
143,11
143,10
143,9
143,8
143,7
143,6
143,5
143,4
143,3
143,2
143,1
143,0
0,511
142,3
142,2
142,1
142,0
141,4
141,3
141,2
141,1
141,0
0,510
140,3
140,2
0,509
140,1
140,0
139,3
139,2
139,1
139,0
138,3
138,2
138,1
138,0
0,508
0,507
0,506
137,3
137,2
137,1
137,0
0,505
0,504
0,503
136,8
136,7
136,6
136,5
136,4
136,3
136,2
136,1
136,0
0,502
0,501
135,4
135,3
135,2
135,1
135,0
134,5
134,4
134,3
134,2
134,1
134,0
